name: AI-Tonal
channels:
  - conda-forge
  - defaults
dependencies:
  - 7zip=23.01=h91493d7_2
  - bzip2=1.0.8=hcfcfb64_5
  - ca-certificates=2024.7.4=h56e8100_0
  - cudatoolkit-dev=11.7.0=h9f2f4db_6
  - curl=8.8.0=h0dd56e1_1
  - freetype=2.12.1=hdaf720e_2
  - imageio=2.34.2=pyh12aca89_0
  - intel-openmp=2024.2.0=h57928b3_979
  - krb5=1.21.3=hdf4eb48_0
  - lcms2=2.16=h67d730c_0
  - lerc=4.0.0=h63175ca_0
  - libblas=3.9.0=22_win64_mkl
  - libcblas=3.9.0=22_win64_mkl
  - libcurl=8.8.0=hd5e4a3a_1
  - libdeflate=1.20=hcfcfb64_0
  - libexpat=2.6.2=h63175ca_0
  - libffi=3.4.2=h8ffe710_5
  - libhwloc=2.11.0=default_h8125262_1000
  - libiconv=1.17=hcfcfb64_2
  - libjpeg-turbo=3.0.0=hcfcfb64_1
  - liblapack=3.9.0=22_win64_mkl
  - libpng=1.6.43=h19919ed_0
  - libsqlite=3.46.0=h2466b09_0
  - libssh2=1.11.0=h7dfc565_0
  - libtiff=4.6.0=hddb2be6_3
  - libwebp-base=1.4.0=hcfcfb64_0
  - libxcb=1.16=hcd874cb_0
  - libxml2=2.12.7=h283a6d9_1
  - libzlib=1.3.1=h2466b09_1
  - m2w64-gcc-libgfortran=5.3.0=6
  - m2w64-gcc-libs=5.3.0=7
  - m2w64-gcc-libs-core=5.3.0=7
  - m2w64-gmp=6.1.0=2
  - m2w64-libwinpthread-git=5.0.0.4634.697f757=2
  - mkl=2024.1.0=h66d3029_692
  - msys2-conda-epoch=20160418=1
  - openjpeg=2.5.2=h3d672ee_0
  - openssl=3.3.1=h2466b09_1
  - pillow=10.4.0=py312h381445a_0
  - pip=24.0=pyhd8ed1ab_0
  - pthread-stubs=0.4=hcd874cb_1001
  - pthreads-win32=2.9.1=hfa6e2cd_3
  - python=3.12.4=h889d299_0_cpython
  - python_abi=3.12=4_cp312
  - tk=8.6.13=h5226925_1
  - tzdata=2024a=h0c530f3_0
  - ucrt=10.0.22621.0=h57928b3_0
  - vc=14.3=h8a93ad2_20
  - vc14_runtime=14.40.33810=ha82c5b3_20
  - vs2015_runtime=14.40.33810=h3bf8584_20
  - wheel=0.43.0=pyhd8ed1ab_1
  - xorg-libxau=1.0.11=hcd874cb_0
  - xorg-libxdmcp=1.1.3=hcd874cb_0
  - xz=5.2.6=h8d14728_0
  - zstd=1.5.6=h0ea2cb4_0
  - pip:
      - certifi==2024.7.4
      - charset-normalizer==3.3.2
      - colorama==0.4.6
      - filelock==3.13.1
      - fsspec==2024.2.0
      - huggingface-hub==0.23.4
      - idna==3.7
      - numpy==1.26.4
      - packaging==24.1
      - pyyaml==6.0.1
      - regex==2024.5.15
      - requests==2.32.3
      - safetensors==0.4.3
      - setuptools==70.2.0
      - tbb==2021.11.0
      - tokenizers==0.19.1
      - torch==2.3.1+cu118
      - torchaudio==2.3.1+cu118
      - tqdm==4.66.4
      - transformers==4.42.3
      - typing-extensions==4.12.2
      - urllib3==2.2.2
prefix: D:\Anaconda3\envs\techJam
